scenarioID,i,V,wireGauge,turns,radius,wireGauge_car,turns_car,radius_car,height,spacing,velocity,totalCharge,cost,cost/charge
[],[],[V],[],[],[m],[],[],[m],[m],[m],[m/s],[C],[$],[C/$]
12497,1563,450,6,560,1,8,230,1.500000e+00,3.000000e-01,1.800000e-01,30,9.356964e+03,2.768321e+04,2.958568e+00,
12498,1563,450,6,560,1,12,230,1.500000e+00,3.000000e-01,1.800000e-01,30,3.699499e+03,2.768321e+04,7.482962e+00,
12499,1563,450,6,560,1,8,260,1.500000e+00,3.000000e-01,1.800000e-01,30,9.361640e+03,2.768321e+04,2.957090e+00,
12500,1563,450,6,560,1,12,260,1.500000e+00,3.000000e-01,1.800000e-01,30,3.701348e+03,2.768321e+04,7.479224e+00,
12501,1563,450,6,560,1,8,290,1.500000e+00,3.000000e-01,1.800000e-01,30,9.365352e+03,2.768321e+04,2.955918e+00,
12502,1563,450,6,560,1,12,290,1.500000e+00,3.000000e-01,1.800000e-01,30,3.702816e+03,2.768321e+04,7.476260e+00,
12503,1563,450,6,560,1,8,320,1.500000e+00,3.000000e-01,1.800000e-01,30,9.368370e+03,2.768321e+04,2.954966e+00,
12504,1563,450,6,560,1,12,320,1.500000e+00,3.000000e-01,1.800000e-01,30,3.704009e+03,2.768321e+04,7.473851e+00,
