scenarioID,V,wireGauge,turns,radius,wireGauge_car,turns_car,radius_car,height,spacing,velocity,totalCharge,cost,cost/charge
[],[V],[],[],[m],[],[],[m],[m],[m],[m/s],[C],[$],[C/$]
1,100,6,410,1,8,230,1.500000e+00,1.500000e-01,0,30,2.159103e+03,1.806845e+03,8.368496e-01,
2,100,6,410,1,12,230,1.500000e+00,1.500000e-01,0,30,8.536530e+02,1.806845e+03,2.116603e+00,
3,100,6,410,1,8,260,1.500000e+00,1.500000e-01,0,30,2.160182e+03,1.806845e+03,8.364316e-01,
4,100,6,410,1,12,260,1.500000e+00,1.500000e-01,0,30,8.540796e+02,1.806845e+03,2.115546e+00,
5,100,6,410,1,8,290,1.500000e+00,1.500000e-01,0,30,2.161039e+03,1.806845e+03,8.361001e-01,
6,100,6,410,1,12,290,1.500000e+00,1.500000e-01,0,30,8.544183e+02,1.806845e+03,2.114707e+00,
7,100,6,410,1,8,320,1.500000e+00,1.500000e-01,0,30,2.161735e+03,1.806845e+03,8.358307e-01,
8,100,6,410,1,12,320,1.500000e+00,1.500000e-01,0,30,8.546936e+02,1.806845e+03,2.114026e+00,
9,250,6,410,1,8,230,1.500000e+00,1.500000e-01,0,30,5.397758e+03,1.129278e+04,2.092124e+00,
10,250,6,410,1,12,230,1.500000e+00,1.500000e-01,0,30,2.134133e+03,1.129278e+04,5.291508e+00,
11,250,6,410,1,8,260,1.500000e+00,1.500000e-01,0,30,5.400455e+03,1.129278e+04,2.091079e+00,
12,250,6,410,1,12,260,1.500000e+00,1.500000e-01,0,30,2.135199e+03,1.129278e+04,5.288865e+00,
13,250,6,410,1,8,290,1.500000e+00,1.500000e-01,0,30,5.402596e+03,1.129278e+04,2.090250e+00,
14,250,6,410,1,12,290,1.500000e+00,1.500000e-01,0,30,2.136046e+03,1.129278e+04,5.286768e+00,
15,250,6,410,1,8,320,1.500000e+00,1.500000e-01,0,30,5.404338e+03,1.129278e+04,2.089577e+00,
16,250,6,410,1,12,320,1.500000e+00,1.500000e-01,0,30,2.136734e+03,1.129278e+04,5.285065e+00,
17,450,6,410,1,8,230,1.500000e+00,1.500000e-01,0,30,9.715964e+03,3.658860e+04,3.765823e+00,
18,450,6,410,1,12,230,1.500000e+00,1.500000e-01,0,30,3.841439e+03,3.658860e+04,9.524714e+00,
19,450,6,410,1,8,260,1.500000e+00,1.500000e-01,0,30,9.720819e+03,3.658860e+04,3.763942e+00,
20,450,6,410,1,12,260,1.500000e+00,1.500000e-01,0,30,3.843358e+03,3.658860e+04,9.519956e+00,
21,450,6,410,1,8,290,1.500000e+00,1.500000e-01,0,30,9.724674e+03,3.658860e+04,3.762450e+00,
22,450,6,410,1,12,290,1.500000e+00,1.500000e-01,0,30,3.844882e+03,3.658860e+04,9.516183e+00,
23,450,6,410,1,8,320,1.500000e+00,1.500000e-01,0,30,9.727808e+03,3.658860e+04,3.761238e+00,
24,450,6,410,1,12,320,1.500000e+00,1.500000e-01,0,30,3.846121e+03,3.658860e+04,9.513117e+00,
25,600,6,410,1,8,230,1.500000e+00,1.500000e-01,0,30,1.295462e+04,6.504640e+04,5.021098e+00,
26,600,6,410,1,12,230,1.500000e+00,1.500000e-01,0,30,5.121918e+03,6.504640e+04,1.269962e+01,
27,600,6,410,1,8,260,1.500000e+00,1.500000e-01,0,30,1.296109e+04,6.504640e+04,5.018590e+00,
28,600,6,410,1,12,260,1.500000e+00,1.500000e-01,0,30,5.124478e+03,6.504640e+04,1.269327e+01,
29,600,6,410,1,8,290,1.500000e+00,1.500000e-01,0,30,1.296623e+04,6.504640e+04,5.016601e+00,
30,600,6,410,1,12,290,1.500000e+00,1.500000e-01,0,30,5.126510e+03,6.504640e+04,1.268824e+01,
31,600,6,410,1,8,320,1.500000e+00,1.500000e-01,0,30,1.297041e+04,6.504640e+04,5.014984e+00,
32,600,6,410,1,12,320,1.500000e+00,1.500000e-01,0,30,5.128162e+03,6.504640e+04,1.268416e+01,
33,100,8,410,1,8,230,1.500000e+00,1.500000e-01,0,30,1.358469e+03,1.136834e+03,8.368496e-01,
34,100,8,410,1,12,230,1.500000e+00,1.500000e-01,0,30,5.371030e+02,1.136834e+03,2.116603e+00,
35,100,8,410,1,8,260,1.500000e+00,1.500000e-01,0,30,1.359147e+03,1.136834e+03,8.364316e-01,
36,100,8,410,1,12,260,1.500000e+00,1.500000e-01,0,30,5.373714e+02,1.136834e+03,2.115546e+00,
37,100,8,410,1,8,290,1.500000e+00,1.500000e-01,0,30,1.359686e+03,1.136834e+03,8.361001e-01,
38,100,8,410,1,12,290,1.500000e+00,1.500000e-01,0,30,5.375845e+02,1.136834e+03,2.114707e+00,
39,100,8,410,1,8,320,1.500000e+00,1.500000e-01,0,30,1.360125e+03,1.136834e+03,8.358307e-01,
40,100,8,410,1,12,320,1.500000e+00,1.500000e-01,0,30,5.377578e+02,1.136834e+03,2.114026e+00,
41,250,8,410,1,8,230,1.500000e+00,1.500000e-01,0,30,3.396171e+03,7.105212e+03,2.092124e+00,
42,250,8,410,1,12,230,1.500000e+00,1.500000e-01,0,30,1.342758e+03,7.105212e+03,5.291508e+00,
43,250,8,410,1,8,260,1.500000e+00,1.500000e-01,0,30,3.397869e+03,7.105212e+03,2.091079e+00,
44,250,8,410,1,12,260,1.500000e+00,1.500000e-01,0,30,1.343429e+03,7.105212e+03,5.288865e+00,
45,250,8,410,1,8,290,1.500000e+00,1.500000e-01,0,30,3.399216e+03,7.105212e+03,2.090250e+00,
46,250,8,410,1,12,290,1.500000e+00,1.500000e-01,0,30,1.343961e+03,7.105212e+03,5.286768e+00,
47,250,8,410,1,8,320,1.500000e+00,1.500000e-01,0,30,3.400311e+03,7.105212e+03,2.089577e+00,
48,250,8,410,1,12,320,1.500000e+00,1.500000e-01,0,30,1.344394e+03,7.105212e+03,5.285065e+00,
49,450,8,410,1,8,230,1.500000e+00,1.500000e-01,0,30,6.113109e+03,2.302089e+04,3.765823e+00,
50,450,8,410,1,12,230,1.500000e+00,1.500000e-01,0,30,2.416964e+03,2.302089e+04,9.524714e+00,
51,450,8,410,1,8,260,1.500000e+00,1.500000e-01,0,30,6.116164e+03,2.302089e+04,3.763942e+00,
52,450,8,410,1,12,260,1.500000e+00,1.500000e-01,0,30,2.418171e+03,2.302089e+04,9.519956e+00,
53,450,8,410,1,8,290,1.500000e+00,1.500000e-01,0,30,6.118589e+03,2.302089e+04,3.762450e+00,
54,450,8,410,1,12,290,1.500000e+00,1.500000e-01,0,30,2.419130e+03,2.302089e+04,9.516183e+00,
55,450,8,410,1,8,320,1.500000e+00,1.500000e-01,0,30,6.120561e+03,2.302089e+04,3.761238e+00,
56,450,8,410,1,12,320,1.500000e+00,1.500000e-01,0,30,2.419910e+03,2.302089e+04,9.513117e+00,
57,600,8,410,1,8,230,1.500000e+00,1.500000e-01,0,30,8.150811e+03,4.092602e+04,5.021098e+00,
58,600,8,410,1,12,230,1.500000e+00,1.500000e-01,0,30,3.222618e+03,4.092602e+04,1.269962e+01,
59,600,8,410,1,8,260,1.500000e+00,1.500000e-01,0,30,8.154885e+03,4.092602e+04,5.018590e+00,
60,600,8,410,1,12,260,1.500000e+00,1.500000e-01,0,30,3.224229e+03,4.092602e+04,1.269327e+01,
61,600,8,410,1,8,290,1.500000e+00,1.500000e-01,0,30,8.158118e+03,4.092602e+04,5.016601e+00,
62,600,8,410,1,12,290,1.500000e+00,1.500000e-01,0,30,3.225507e+03,4.092602e+04,1.268824e+01,
63,600,8,410,1,8,320,1.500000e+00,1.500000e-01,0,30,8.160747e+03,4.092602e+04,5.014984e+00,
64,600,8,410,1,12,320,1.500000e+00,1.500000e-01,0,30,3.226547e+03,4.092602e+04,1.268416e+01,
65,100,6,460,1,8,230,1.500000e+00,1.500000e-01,0,30,2.215467e+03,1.610874e+03,7.271037e-01,
66,100,6,460,1,12,230,1.500000e+00,1.500000e-01,0,30,8.759379e+02,1.610874e+03,1.839028e+00,
67,100,6,460,1,8,260,1.500000e+00,1.500000e-01,0,30,2.216574e+03,1.610874e+03,7.267405e-01,
68,100,6,460,1,12,260,1.500000e+00,1.500000e-01,0,30,8.763757e+02,1.610874e+03,1.838109e+00,
69,100,6,460,1,8,290,1.500000e+00,1.500000e-01,0,30,2.217453e+03,1.610874e+03,7.264525e-01,
70,100,6,460,1,12,290,1.500000e+00,1.500000e-01,0,30,8.767232e+02,1.610874e+03,1.837381e+00,
71,100,6,460,1,8,320,1.500000e+00,1.500000e-01,0,30,2.218168e+03,1.610874e+03,7.262184e-01,
72,100,6,460,1,12,320,1.500000e+00,1.500000e-01,0,30,8.770057e+02,1.610874e+03,1.836789e+00,
73,250,6,460,1,8,230,1.500000e+00,1.500000e-01,0,30,5.538668e+03,1.006797e+04,1.817759e+00,
74,250,6,460,1,12,230,1.500000e+00,1.500000e-01,0,30,2.189845e+03,1.006797e+04,4.597570e+00,
75,250,6,460,1,8,260,1.500000e+00,1.500000e-01,0,30,5.541436e+03,1.006797e+04,1.816851e+00,
76,250,6,460,1,12,260,1.500000e+00,1.500000e-01,0,30,2.190939e+03,1.006797e+04,4.595274e+00,
77,250,6,460,1,8,290,1.500000e+00,1.500000e-01,0,30,5.543633e+03,1.006797e+04,1.816131e+00,
78,250,6,460,1,12,290,1.500000e+00,1.500000e-01,0,30,2.191808e+03,1.006797e+04,4.593452e+00,
79,250,6,460,1,8,320,1.500000e+00,1.500000e-01,0,30,5.545420e+03,1.006797e+04,1.815546e+00,
80,250,6,460,1,12,320,1.500000e+00,1.500000e-01,0,30,2.192514e+03,1.006797e+04,4.591973e+00,
81,450,6,460,1,8,230,1.500000e+00,1.500000e-01,0,30,9.969602e+03,3.262021e+04,3.271967e+00,
82,450,6,460,1,12,230,1.500000e+00,1.500000e-01,0,30,3.941721e+03,3.262021e+04,8.275626e+00,
83,450,6,460,1,8,260,1.500000e+00,1.500000e-01,0,30,9.974585e+03,3.262021e+04,3.270332e+00,
84,450,6,460,1,12,260,1.500000e+00,1.500000e-01,0,30,3.943690e+03,3.262021e+04,8.271493e+00,
85,450,6,460,1,8,290,1.500000e+00,1.500000e-01,0,30,9.978540e+03,3.262021e+04,3.269036e+00,
86,450,6,460,1,12,290,1.500000e+00,1.500000e-01,0,30,3.945254e+03,3.262021e+04,8.268214e+00,
87,450,6,460,1,8,320,1.500000e+00,1.500000e-01,0,30,9.981755e+03,3.262021e+04,3.267983e+00,
88,450,6,460,1,12,320,1.500000e+00,1.500000e-01,0,30,3.946526e+03,3.262021e+04,8.265551e+00,
89,600,6,460,1,8,230,1.500000e+00,1.500000e-01,0,30,1.329280e+04,5.799148e+04,4.362622e+00,
90,600,6,460,1,12,230,1.500000e+00,1.500000e-01,0,30,5.255627e+03,5.799148e+04,1.103417e+01,
91,600,6,460,1,8,260,1.500000e+00,1.500000e-01,0,30,1.329945e+04,5.799148e+04,4.360443e+00,
92,600,6,460,1,12,260,1.500000e+00,1.500000e-01,0,30,5.258254e+03,5.799148e+04,1.102866e+01,
93,600,6,460,1,8,290,1.500000e+00,1.500000e-01,0,30,1.330472e+04,5.799148e+04,4.358715e+00,
94,600,6,460,1,12,290,1.500000e+00,1.500000e-01,0,30,5.260339e+03,5.799148e+04,1.102429e+01,
95,600,6,460,1,8,320,1.500000e+00,1.500000e-01,0,30,1.330901e+04,5.799148e+04,4.357311e+00,
96,600,6,460,1,12,320,1.500000e+00,1.500000e-01,0,30,5.262034e+03,5.799148e+04,1.102073e+01,
97,100,8,460,1,8,230,1.500000e+00,1.500000e-01,0,30,1.393932e+03,1.013533e+03,7.271037e-01,
98,100,8,460,1,12,230,1.500000e+00,1.500000e-01,0,30,5.511243e+02,1.013533e+03,1.839028e+00,
99,100,8,460,1,8,260,1.500000e+00,1.500000e-01,0,30,1.394628e+03,1.013533e+03,7.267405e-01,
100,100,8,460,1,12,260,1.500000e+00,1.500000e-01,0,30,5.513997e+02,1.013533e+03,1.838109e+00,
101,100,8,460,1,8,290,1.500000e+00,1.500000e-01,0,30,1.395181e+03,1.013533e+03,7.264525e-01,
102,100,8,460,1,12,290,1.500000e+00,1.500000e-01,0,30,5.516184e+02,1.013533e+03,1.837381e+00,
103,100,8,460,1,8,320,1.500000e+00,1.500000e-01,0,30,1.395631e+03,1.013533e+03,7.262184e-01,
104,100,8,460,1,12,320,1.500000e+00,1.500000e-01,0,30,5.517961e+02,1.013533e+03,1.836789e+00,
105,250,8,460,1,8,230,1.500000e+00,1.500000e-01,0,30,3.484830e+03,6.334582e+03,1.817759e+00,
106,250,8,460,1,12,230,1.500000e+00,1.500000e-01,0,30,1.377811e+03,6.334582e+03,4.597570e+00,
107,250,8,460,1,8,260,1.500000e+00,1.500000e-01,0,30,3.486571e+03,6.334582e+03,1.816851e+00,
108,250,8,460,1,12,260,1.500000e+00,1.500000e-01,0,30,1.378499e+03,6.334582e+03,4.595274e+00,
109,250,8,460,1,8,290,1.500000e+00,1.500000e-01,0,30,3.487954e+03,6.334582e+03,1.816131e+00,
110,250,8,460,1,12,290,1.500000e+00,1.500000e-01,0,30,1.379046e+03,6.334582e+03,4.593452e+00,
111,250,8,460,1,8,320,1.500000e+00,1.500000e-01,0,30,3.489078e+03,6.334582e+03,1.815546e+00,
112,250,8,460,1,12,320,1.500000e+00,1.500000e-01,0,30,1.379490e+03,6.334582e+03,4.591973e+00,
113,450,8,460,1,8,230,1.500000e+00,1.500000e-01,0,30,6.272693e+03,2.052404e+04,3.271967e+00,
114,450,8,460,1,12,230,1.500000e+00,1.500000e-01,0,30,2.480059e+03,2.052404e+04,8.275626e+00,
115,450,8,460,1,8,260,1.500000e+00,1.500000e-01,0,30,6.275828e+03,2.052404e+04,3.270332e+00,
116,450,8,460,1,12,260,1.500000e+00,1.500000e-01,0,30,2.481299e+03,2.052404e+04,8.271493e+00,
117,450,8,460,1,8,290,1.500000e+00,1.500000e-01,0,30,6.278317e+03,2.052404e+04,3.269036e+00,
118,450,8,460,1,12,290,1.500000e+00,1.500000e-01,0,30,2.482283e+03,2.052404e+04,8.268214e+00,
119,450,8,460,1,8,320,1.500000e+00,1.500000e-01,0,30,6.280340e+03,2.052404e+04,3.267983e+00,
120,450,8,460,1,12,320,1.500000e+00,1.500000e-01,0,30,2.483083e+03,2.052404e+04,8.265551e+00,
121,600,8,460,1,8,230,1.500000e+00,1.500000e-01,0,30,8.363591e+03,3.648719e+04,4.362622e+00,
122,600,8,460,1,12,230,1.500000e+00,1.500000e-01,0,30,3.306746e+03,3.648719e+04,1.103417e+01,
123,600,8,460,1,8,260,1.500000e+00,1.500000e-01,0,30,8.367771e+03,3.648719e+04,4.360443e+00,
124,600,8,460,1,12,260,1.500000e+00,1.500000e-01,0,30,3.308398e+03,3.648719e+04,1.102866e+01,
125,600,8,460,1,8,290,1.500000e+00,1.500000e-01,0,30,8.371089e+03,3.648719e+04,4.358715e+00,
126,600,8,460,1,12,290,1.500000e+00,1.500000e-01,0,30,3.309710e+03,3.648719e+04,1.102429e+01,
127,600,8,460,1,8,320,1.500000e+00,1.500000e-01,0,30,8.373787e+03,3.648719e+04,4.357311e+00,
128,600,8,460,1,12,320,1.500000e+00,1.500000e-01,0,30,3.310777e+03,3.648719e+04,1.102073e+01,
129,100,6,510,1,8,230,1.500000e+00,1.500000e-01,0,30,2.048809e+03,1.453255e+03,7.093169e-01,
130,100,6,510,1,12,230,1.500000e+00,1.500000e-01,0,30,8.100455e+02,1.453255e+03,1.794041e+00,
131,100,6,510,1,8,260,1.500000e+00,1.500000e-01,0,30,2.049833e+03,1.453255e+03,7.089626e-01,
132,100,6,510,1,12,260,1.500000e+00,1.500000e-01,0,30,8.104503e+02,1.453255e+03,1.793145e+00,
133,100,6,510,1,8,290,1.500000e+00,1.500000e-01,0,30,2.050645e+03,1.453255e+03,7.086816e-01,
134,100,6,510,1,12,290,1.500000e+00,1.500000e-01,0,30,8.107716e+02,1.453255e+03,1.792434e+00,
135,100,6,510,1,8,320,1.500000e+00,1.500000e-01,0,30,2.051306e+03,1.453255e+03,7.084533e-01,
136,100,6,510,1,12,320,1.500000e+00,1.500000e-01,0,30,8.110329e+02,1.453255e+03,1.791857e+00,
137,250,6,510,1,8,230,1.500000e+00,1.500000e-01,0,30,5.122022e+03,9.082841e+03,1.773292e+00,
138,250,6,510,1,12,230,1.500000e+00,1.500000e-01,0,30,2.025114e+03,9.082841e+03,4.485102e+00,
139,250,6,510,1,8,260,1.500000e+00,1.500000e-01,0,30,5.124581e+03,9.082841e+03,1.772407e+00,
140,250,6,510,1,12,260,1.500000e+00,1.500000e-01,0,30,2.026126e+03,9.082841e+03,4.482862e+00,
141,250,6,510,1,8,290,1.500000e+00,1.500000e-01,0,30,5.126613e+03,9.082841e+03,1.771704e+00,
142,250,6,510,1,12,290,1.500000e+00,1.500000e-01,0,30,2.026929e+03,9.082841e+03,4.481085e+00,
143,250,6,510,1,8,320,1.500000e+00,1.500000e-01,0,30,5.128265e+03,9.082841e+03,1.771133e+00,
144,250,6,510,1,12,320,1.500000e+00,1.500000e-01,0,30,2.027582e+03,9.082841e+03,4.479641e+00,
617,250,8,460,3,8,230,1.500000e+00,1.500000e-01,0,30,9.644235e+02,2.111527e+03,2.189419e+00,
618,250,8,460,3,12,230,1.500000e+00,1.500000e-01,0,30,3.813079e+02,2.111527e+03,5.537591e+00,
619,250,8,460,3,8,260,1.500000e+00,1.500000e-01,0,30,9.649054e+02,2.111527e+03,2.188326e+00,
620,250,8,460,3,12,260,1.500000e+00,1.500000e-01,0,30,3.814984e+02,2.111527e+03,5.534825e+00,
621,250,8,460,3,8,290,1.500000e+00,1.500000e-01,0,30,9.652880e+02,2.111527e+03,2.187458e+00,
622,250,8,460,3,12,290,1.500000e+00,1.500000e-01,0,30,3.816497e+02,2.111527e+03,5.532632e+00,
623,250,8,460,3,8,320,1.500000e+00,1.500000e-01,0,30,9.655991e+02,2.111527e+03,2.186753e+00,
624,250,8,460,3,12,320,1.500000e+00,1.500000e-01,0,30,3.817727e+02,2.111527e+03,5.530849e+00,
145,450,6,510,1,8,230,1.500000e+00,1.500000e-01,0,30,9.219639e+03,2.942841e+04,3.191926e+00,
146,450,6,510,1,12,230,1.500000e+00,1.500000e-01,0,30,3.645205e+03,2.942841e+04,8.073184e+00,
147,450,6,510,1,8,260,1.500000e+00,1.500000e-01,0,30,9.224246e+03,2.942841e+04,3.190332e+00,
148,450,6,510,1,12,260,1.500000e+00,1.500000e-01,0,30,3.647026e+03,2.942841e+04,8.069151e+00,
149,450,6,510,1,8,290,1.500000e+00,1.500000e-01,0,30,9.227904e+03,2.942841e+04,3.189067e+00,
150,450,6,510,1,12,290,1.500000e+00,1.500000e-01,0,30,3.648472e+03,2.942841e+04,8.065953e+00,
151,450,6,510,1,8,320,1.500000e+00,1.500000e-01,0,30,9.230878e+03,2.942841e+04,3.188040e+00,
152,450,6,510,1,12,320,1.500000e+00,1.500000e-01,0,30,3.649648e+03,2.942841e+04,8.063354e+00,
153,600,6,510,1,8,230,1.500000e+00,1.500000e-01,0,30,1.229285e+04,5.231717e+04,4.255902e+00,
154,600,6,510,1,12,230,1.500000e+00,1.500000e-01,0,30,4.860273e+03,5.231717e+04,1.076424e+01,
155,600,6,510,1,8,260,1.500000e+00,1.500000e-01,0,30,1.229900e+04,5.231717e+04,4.253776e+00,
156,600,6,510,1,12,260,1.500000e+00,1.500000e-01,0,30,4.862702e+03,5.231717e+04,1.075887e+01,
157,600,6,510,1,8,290,1.500000e+00,1.500000e-01,0,30,1.230387e+04,5.231717e+04,4.252090e+00,
158,600,6,510,1,12,290,1.500000e+00,1.500000e-01,0,30,4.864630e+03,5.231717e+04,1.075460e+01,
159,600,6,510,1,8,320,1.500000e+00,1.500000e-01,0,30,1.230784e+04,5.231717e+04,4.250720e+00,
160,600,6,510,1,12,320,1.500000e+00,1.500000e-01,0,30,4.866198e+03,5.231717e+04,1.075114e+01,
161,100,8,510,1,8,230,1.500000e+00,1.500000e-01,0,30,1.289073e+03,9.143615e+02,7.093169e-01,
162,100,8,510,1,12,230,1.500000e+00,1.500000e-01,0,30,5.096660e+02,9.143615e+02,1.794041e+00,
163,100,8,510,1,8,260,1.500000e+00,1.500000e-01,0,30,1.289718e+03,9.143615e+02,7.089626e-01,
164,100,8,510,1,12,260,1.500000e+00,1.500000e-01,0,30,5.099207e+02,9.143615e+02,1.793145e+00,
165,100,8,510,1,8,290,1.500000e+00,1.500000e-01,0,30,1.290229e+03,9.143615e+02,7.086816e-01,
166,100,8,510,1,12,290,1.500000e+00,1.500000e-01,0,30,5.101228e+02,9.143615e+02,1.792434e+00,
167,100,8,510,1,8,320,1.500000e+00,1.500000e-01,0,30,1.290645e+03,9.143615e+02,7.084533e-01,
168,100,8,510,1,12,320,1.500000e+00,1.500000e-01,0,30,5.102872e+02,9.143615e+02,1.791857e+00,
169,250,8,510,1,8,230,1.500000e+00,1.500000e-01,0,30,3.222683e+03,5.714760e+03,1.773292e+00,
170,250,8,510,1,12,230,1.500000e+00,1.500000e-01,0,30,1.274165e+03,5.714760e+03,4.485102e+00,
171,250,8,510,1,8,260,1.500000e+00,1.500000e-01,0,30,3.224294e+03,5.714760e+03,1.772407e+00,
172,250,8,510,1,12,260,1.500000e+00,1.500000e-01,0,30,1.274802e+03,5.714760e+03,4.482862e+00,
173,250,8,510,1,8,290,1.500000e+00,1.500000e-01,0,30,3.225572e+03,5.714760e+03,1.771704e+00,
174,250,8,510,1,12,290,1.500000e+00,1.500000e-01,0,30,1.275307e+03,5.714760e+03,4.481085e+00,
175,250,8,510,1,8,320,1.500000e+00,1.500000e-01,0,30,3.226612e+03,5.714760e+03,1.771133e+00,
176,250,8,510,1,12,320,1.500000e+00,1.500000e-01,0,30,1.275718e+03,5.714760e+03,4.479641e+00,
177,450,8,510,1,8,230,1.500000e+00,1.500000e-01,0,30,5.800830e+03,1.851582e+04,3.191926e+00,
178,450,8,510,1,12,230,1.500000e+00,1.500000e-01,0,30,2.293497e+03,1.851582e+04,8.073184e+00,
179,450,8,510,1,8,260,1.500000e+00,1.500000e-01,0,30,5.803729e+03,1.851582e+04,3.190332e+00,
180,450,8,510,1,12,260,1.500000e+00,1.500000e-01,0,30,2.294643e+03,1.851582e+04,8.069151e+00,
181,450,8,510,1,8,290,1.500000e+00,1.500000e-01,0,30,5.806030e+03,1.851582e+04,3.189067e+00,
182,450,8,510,1,12,290,1.500000e+00,1.500000e-01,0,30,2.295553e+03,1.851582e+04,8.065953e+00,
183,450,8,510,1,8,320,1.500000e+00,1.500000e-01,0,30,5.807901e+03,1.851582e+04,3.188040e+00,
184,450,8,510,1,12,320,1.500000e+00,1.500000e-01,0,30,2.296293e+03,1.851582e+04,8.063354e+00,
185,600,8,510,1,8,230,1.500000e+00,1.500000e-01,0,30,7.734440e+03,3.291701e+04,4.255902e+00,
186,600,8,510,1,12,230,1.500000e+00,1.500000e-01,0,30,3.057996e+03,3.291701e+04,1.076424e+01,
187,600,8,510,1,8,260,1.500000e+00,1.500000e-01,0,30,7.738305e+03,3.291701e+04,4.253776e+00,
188,600,8,510,1,12,260,1.500000e+00,1.500000e-01,0,30,3.059524e+03,3.291701e+04,1.075887e+01,
189,600,8,510,1,8,290,1.500000e+00,1.500000e-01,0,30,7.741374e+03,3.291701e+04,4.252090e+00,
190,600,8,510,1,12,290,1.500000e+00,1.500000e-01,0,30,3.060737e+03,3.291701e+04,1.075460e+01,
191,600,8,510,1,8,320,1.500000e+00,1.500000e-01,0,30,7.743868e+03,3.291701e+04,4.250720e+00,
192,600,8,510,1,12,320,1.500000e+00,1.500000e-01,0,30,3.061723e+03,3.291701e+04,1.075114e+01,
